TABLE NO.     1: First Order Conditional Estimation with Interaction: Problem=1 Subproblem=0 Superproblem1=0 Iteration1=0 Superproblem2=0 Iteration2=0
 NAME         THETA1       THETA2       THETA3       THETA4       SIGMA(1,1)   OMEGA(1,1)   OMEGA(2,1)   OMEGA(2,2)   OMEGA(3,1)   OMEGA(3,2)   OMEGA(3,3)
 THETA1        1.43628E-01  9.94511E-01  7.19463E-04  2.34019E-04  0.00000E+00 -1.74275E-03 -1.62281E-03 -7.99755E-04  0.00000E+00  0.00000E+00 -3.88471E-03
 THETA2        9.94511E-01  2.07251E+01  5.78453E-03  3.19045E-03  0.00000E+00 -1.59315E-02 -8.69261E-03  1.29130E-02  0.00000E+00  0.00000E+00 -3.60287E-02
 THETA3        7.19463E-04  5.78453E-03  2.08248E-03 -9.08640E-06  0.00000E+00  8.58487E-05  1.00624E-04  1.45475E-04  0.00000E+00  0.00000E+00 -5.46335E-04
 THETA4        2.34019E-04  3.19045E-03 -9.08640E-06  2.13019E-05  0.00000E+00 -4.29530E-06 -1.55600E-05 -1.59230E-05  0.00000E+00  0.00000E+00  2.32347E-06
 SIGMA(1,1)    0.00000E+00  0.00000E+00  0.00000E+00  0.00000E+00  0.00000E+00  0.00000E+00  0.00000E+00  0.00000E+00  0.00000E+00  0.00000E+00  0.00000E+00
 OMEGA(1,1)   -1.74275E-03 -1.59315E-02  8.58487E-05 -4.29530E-06  0.00000E+00  7.32765E-04  3.59257E-04  1.72470E-04  0.00000E+00  0.00000E+00  4.71855E-05
 OMEGA(2,1)   -1.62281E-03 -8.69261E-03  1.00624E-04 -1.55600E-05  0.00000E+00  3.59257E-04  4.96524E-04  4.98901E-04  0.00000E+00  0.00000E+00  4.61595E-05
 OMEGA(2,2)   -7.99755E-04  1.29130E-02  1.45475E-04 -1.59230E-05  0.00000E+00  1.72470E-04  4.98901E-04  1.03286E-03  0.00000E+00  0.00000E+00 -2.77030E-05
 OMEGA(3,1)    0.00000E+00  0.00000E+00  0.00000E+00  0.00000E+00  0.00000E+00  0.00000E+00  0.00000E+00  0.00000E+00  0.00000E+00  0.00000E+00  0.00000E+00
 OMEGA(3,2)    0.00000E+00  0.00000E+00  0.00000E+00  0.00000E+00  0.00000E+00  0.00000E+00  0.00000E+00  0.00000E+00  0.00000E+00  0.00000E+00  0.00000E+00
 OMEGA(3,3)   -3.88471E-03 -3.60287E-02 -5.46335E-04  2.32347E-06  0.00000E+00  4.71855E-05  4.61595E-05 -2.77030E-05  0.00000E+00  0.00000E+00  3.54397E-03
