TABLE NO.     1: First Order Conditional Estimation with Interaction: Problem=1 Subproblem=0 Superproblem1=0 Iteration1=0 Superproblem2=0 Iteration2=0
 NAME         THETA1       THETA2       THETA3       THETA4       SIGMA(1,1)   OMEGA(1,1)   OMEGA(2,1)   OMEGA(2,2)   OMEGA(3,1)   OMEGA(3,2)   OMEGA(3,3)
 THETA1        2.33051E-01  2.09321E+00  1.21267E-03  1.95443E-04  0.00000E+00 -1.86267E-03 -2.93154E-03 -3.02652E-03  0.00000E+00  0.00000E+00 -3.18268E-03
 THETA2        2.09321E+00  4.10654E+01  1.36757E-02  2.68692E-03  0.00000E+00 -3.07560E-02 -3.43290E-02 -1.25517E-02  0.00000E+00  0.00000E+00 -2.55018E-02
 THETA3        1.21267E-03  1.36757E-02  2.08352E-03 -7.77489E-06  0.00000E+00  7.12977E-05  3.38829E-05 -1.88385E-06  0.00000E+00  0.00000E+00 -5.97242E-04
 THETA4        1.95443E-04  2.68692E-03 -7.77489E-06  2.12734E-05  0.00000E+00 -7.89582E-06 -1.92858E-05 -1.94348E-05  0.00000E+00  0.00000E+00  2.07061E-06
 SIGMA(1,1)    0.00000E+00  0.00000E+00  0.00000E+00  0.00000E+00  0.00000E+00  0.00000E+00  0.00000E+00  0.00000E+00  0.00000E+00  0.00000E+00  0.00000E+00
 OMEGA(1,1)   -1.86267E-03 -3.07560E-02  7.12977E-05 -7.89582E-06  0.00000E+00  1.46156E-03  9.25439E-04  5.41012E-04  0.00000E+00  0.00000E+00 -4.18853E-05
 OMEGA(2,1)   -2.93154E-03 -3.43290E-02  3.38829E-05 -1.92858E-05  0.00000E+00  9.25439E-04  1.01403E-03  1.01036E-03  0.00000E+00  0.00000E+00 -1.62044E-05
 OMEGA(2,2)   -3.02652E-03 -1.25517E-02 -1.88385E-06 -1.94348E-05  0.00000E+00  5.41012E-04  1.01036E-03  1.81825E-03  0.00000E+00  0.00000E+00 -4.56867E-05
 OMEGA(3,1)    0.00000E+00  0.00000E+00  0.00000E+00  0.00000E+00  0.00000E+00  0.00000E+00  0.00000E+00  0.00000E+00  0.00000E+00  0.00000E+00  0.00000E+00
 OMEGA(3,2)    0.00000E+00  0.00000E+00  0.00000E+00  0.00000E+00  0.00000E+00  0.00000E+00  0.00000E+00  0.00000E+00  0.00000E+00  0.00000E+00  0.00000E+00
 OMEGA(3,3)   -3.18268E-03 -2.55018E-02 -5.97242E-04  2.07061E-06  0.00000E+00 -4.18853E-05 -1.62044E-05 -4.56867E-05  0.00000E+00  0.00000E+00  3.70544E-03
